550
92 124
114 120
201 204
143 167
129 131
143 167
122 125
131 137
182 187
38 60
67 114
29 51
70 118
157 172
70 117
3 55
33 57
187 194
187 190
64 107
164 171
40 58
209 209
70 98
34 77
159 167
161 169
107 118
115 120
19 66
199 201
101 127
181 183
116 131
36 59
22 69
135 150
200 202
198 201
109 119
195 195
164 173
57 80
161 169
131 133
184 186
132 145
160 168
3 52
149 169
74 108
133 147
121 125
169 179
205 206
59 106
171 174
19 43
105 126
43 61
171 174
189 192
41 66
55 79
52 77
123 126
17 41
163 170
79 119
38 80
133 154
134 154
148 154
141 143
115 120
159 174
65 95
111 119
134 138
173 182
97 114
101 116
65 95
12 38
22 44
134 150
125 139
65 93
68 115
27 50
38 58
197 198
152 170
39 62
205 206
180 184
44 68
184 186
186 189
139 141
57 106
57 80
71 118
187 192
153 160
189 195
208 209
44 92
173 179
107 130
207 209
87 120
92 108
195 198
34 58
156 166
181 188
93 125
68 99
142 155
182 184
44 68
139 141
114 119
173 183
59 106
187 190
186 191
153 170
113 131
41 84
89 116
90 117
43 68
194 198
173 179
71 118
187 195
193 197
144 145
43 61
110 131
3 29
131 137
37 59
100 126
92 124
109 128
3 32
115 131
134 149
182 186
66 96
153 170
58 106
43 85
8 58
18 41
34 77
43 61
187 194
152 160
201 202
44 61
171 181
149 160
29 51
19 42
158 172
142 155
3 30
186 188
51 101
153 160
174 184
160 168
82 106
134 155
142 161
125 127
127 130
150 156
44 92
169 179
34 58
205 207
108 118
125 142
29 76
126 130
59 84
69 101
72 118
65 92
195 196
101 124
142 161
69 117
197 197
51 76
135 150
121 139
57 106
120 138
3 30
17 64
181 188
125 127
128 131
115 120
129 143
146 146
136 150
113 130
106 118
112 119
120 132
43 60
48 71
201 203
182 189
43 68
153 166
133 147
198 200
204 205
88 106
137 159
141 143
43 60
209 209
171 178
203 205
131 137
48 70
94 125
133 148
96 114
57 80
82 114
169 179
166 171
44 91
14 62
88 106
119 137
31 52
151 170
39 62
3 57
98 126
131 145
128 143
44 91
133 146
61 107
65 109
188 191
166 172
137 160
41 65
125 143
58 82
150 159
79 102
65 110
141 143
103 127
125 140
22 70
34 54
116 131
86 106
198 199
172 181
153 170
51 101
131 134
184 187
159 170
116 121
164 177
44 94
197 197
43 59
121 140
183 186
143 155
122 125
80 119
130 145
17 63
58 106
104 118
166 171
44 66
72 99
73 118
173 179
68 116
173 179
90 116
201 202
195 196
56 103
206 207
48 71
208 209
3 55
111 119
92 120
58 84
121 137
65 95
56 79
166 171
48 71
142 143
26 50
171 180
68 98
210 210
48 99
55 79
171 175
96 113
133 147
121 134
49 73
76 119
28 75
133 146
187 191
28 51
39 62
61 90
139 141
152 160
51 101
140 160
168 172
84 120
40 58
159 170
121 140
12 59
164 177
122 126
175 183
201 203
171 181
54 102
49 99
191 197
207 208
44 64
120 125
145 145
183 185
185 191
63 107
191 196
195 195
187 194
26 48
68 98
17 40
44 91
126 127
131 133
129 143
199 200
68 116
78 102
180 184
50 75
37 55
47 70
90 116
90 107
123 126
45 98
151 161
177 179
13 38
197 198
3 30
77 102
109 119
143 155
96 122
203 205
26 48
181 182
164 173
74 119
34 58
207 207
114 119
133 147
173 179
22 46
52 77
116 120
17 39
116 131
121 139
142 155
157 172
55 78
177 186
111 119
160 168
50 74
122 126
207 207
36 59
26 73
164 171
113 132
177 179
44 68
184 188
187 190
162 171
183 186
14 38
169 172
171 174
59 84
73 101
209 210
34 58
22 68
44 68
4 34
52 77
202 204
169 179
143 155
48 99
121 139
53 102
142 153
52 76
121 139
38 58
200 202
19 67
3 32
155 164
44 67
29 51
129 131
171 180
198 198
171 182
117 124
150 158
114 120
106 130
4 57
159 172
191 196
152 160
102 117
36 59
22 69
171 175
70 99
43 68
129 131
49 73
51 101
187 194
37 80
68 114
196 198
56 80
171 177
124 126
143 167
89 107
128 130
8 35
26 73
89 107
76 119
204 204
64 107
113 131
128 130
126 128
160 168
162 170
38 61
65 110
8 59
205 206
205 206
117 124
137 151
22 70
35 55
129 143
90 123
174 183
77 102
43 87
65 113
184 186
197 201
143 167
58 106
61 88
73 101
58 106
132 146
79 102
132 137
187 190
70 98
120 138
105 126
80 104
64 92
133 147
44 93
80 119
144 168
45 98
58 82
116 120
23 48
160 168
187 194
70 103
11 59
200 201
143 145
139 141
51 77
92 124
201 202
52 76
104 126
144 159
34 78
37 80
133 147
