6848
1384 1816
1035 2350
1039 2350
838 1229
2074 2494
859 1243
2169 2613
1377 1811
2218 3073
390 1713
999 1880
2226 3488
2019 3292
974 2287
36 1343
1663 2561
1194 2086
1592 2889
456 876
1328 1752
528 954
2156 3013
828 1211
388 1713
1433 2350
1572 2870
867 1252
1064 1961
372 798
1465 2376
1687 2129
2046 2889
989 2304
2130 3394
2382 3219
46 1355
723 1109
1360 2284
327 1633
1931 2376
894 2196
2236 3092
40 468
801 2086
22 1338
1650 2090
1245 1663
991 1873
2128 3390
1667 2955
2649 3480
1254 1668
378 1696
1581 2039
586 1885
907 1295
1134 1541
1086 2394
1355 2660
2004 3289
792 1684
554 973
1119 2014
1832 3122
1221 2533
1945 2390
1051 2358
1306 1722
701 1096
841 1731
1944 3227
1333 2259
603 1898
1670 2106
2098 3373
1448 1889
178 583
1827 3115
540 1409
1543 2438
1698 2599
2605 3437
670 1973
761 1155
1098 1994
154 1448
572 1456
761 1156
1740 3031
1663 2562
828 2107
2327 3158
951 2268
340 767
1812 2238
2462 3298
2086 2515
2004 2442
1503 2397
2471 3305
1036 1922
2306 3142
573 993
698 1599
1555 2859
1117 2408
1112 2406
2285 3130
60 496
737 1126
1214 2107
1917 3198
995 1877
1216 2528
1961 2824
736 2021
2258 3109
1274 2591
1374 2291
1189 1607
874 1256
1356 2284
2695 3543
2015 3292
1849 2290
1166 2470
502 1368
2518 3367
1425 2739
1266 1682
462 1343
266 680
277 1592
508 928
1419 1861
746 2037
967 2284
258 672
1864 2738
2342 3182
1574 2871
603 1898
952 1830
415 852
1640 2537
513 944
329 1637
2235 2665
547 1850
255 1561
760 2049
411 1733
1187 1603
798 1190
1239 2552
2132 2563
1025 2340
1524 2408
474 1784
2177 3453
1949 3233
2077 2926
1656 2950
614 1029
172 581
1956 2816
1383 1816
865 1249
317 1622
1958 2397
1426 2740
691 1592
974 1861
585 1002
1560 2862
481 1358
2105 3376
214 1514
1624 2923
770 1665
1176 2491
1939 2791
1783 2210
280 693
948 1830
1405 2323
988 1382
1011 2324
1570 2456
1570 2456
1534 2841
2658 3488
1987 2428
1688 2131
1676 2572
2022 2870
933 2245
1427 2347
397 819
644 1941
1607 2513
1530 2832
253 665
1446 2356
819 1715
704 1602
2086 2516
1796 2225
112 1404
1527 2828
1196 1611
1031 1917
200 608
944 1826
1954 2396
608 1494
1629 2528
474 1783
1163 2058
915 1796
1108 2007
1946 2796
590 1889
793 1688
938 1333
1897 2760
2332 3162
654 1059
227 633
1813 2241
1649 2090
881 1259
884 2187
861 1249
2391 3231
1117 2012
121 1415
1509 2815
2293 2720
336 759
621 1923
802 1696
2252 2683
1126 2423
1123 2019
1188 2082
1062 2376
265 1578
1102 2401
1973 3250
12 449
721 2006
1028 1914
1139 2447
753 1644
1443 2351
161 572
263 677
818 1715
639 1526
1306 1722
1310 1732
1879 2747
898 2198
1985 2428
244 652
1483 1939
1563 2451
1048 2356
1239 1657
1076 2388
52 486
1436 2745
138 1430
2659 3488
1221 2533
50 1358
1721 2151
2623 3457
1938 2789
1578 2482
1231 1642
935 1330
388 812
1894 2757
2277 2701
2440 3279
761 1156
1084 1978
1856 3140
694 1088
663 1071
826 2104
2116 3382
140 1436
2082 3351
2228 3488
1817 2245
1827 2264
1383 2302
1825 2259
1186 2079
1661 2559
919 1798
971 2285
746 1637
519 1381
1400 2710
1436 2742
632 1929
2043 2888
897 2197
2298 2721
242 651
1552 1996
1249 2161
1167 1576
962 1850
280 693
2034 3298
1252 2164
1132 1541
1948 2802
1664 2562
1917 3198
567 1450
1775 2657
1916 2779
1932 3210
673 1571
1536 2846
1740 2633
234 640
1545 2851
670 1562
1944 3227
1096 1989
749 1139
2169 3443
2113 3380
2236 3091
1005 1401
1328 2643
579 1464
1938 2381
180 588
1616 2516
950 1830
656 1960
1774 2199
1448 2757
898 2202
334 1644
1927 2784
1977 2419
569 1872
846 2147
602 1019
1059 1949
1698 2598
453 1339
1840 2281
1733 2162
1208 2097
2171 3027
2041 2466
2107 2960
106 526
1039 2350
1123 1530
379 805
1219 2113
1565 2453
497 1799
1028 1425
2613 3445
1106 2005
572 993
1663 2952
2106 2959
852 1738
89 1382
2390 3229
1011 1891
949 2266
2383 3222
1914 2358
2077 2497
944 1824
547 1421
997 1878
1155 2456
2257 2684
974 1368
1815 3097
32 1343
927 1319
2100 2951
1161 2464
1875 3154
1958 3238
503 1368
276 1590
11 1331
2461 3298
569 1873
2212 3068
2014 2863
1352 2658
2169 2613
1004 1885
2652 3487
1939 3219
2614 3450
1518 1960
1011 2323
926 1809
208 617
1949 2807
287 1600
1837 2714
1800 3086
1639 2932
1188 2507
1446 1889
1368 1794
1399 2709
1104 2003
645 1943
1517 2406
2373 3202
472 1349
382 1699
2193 3462
238 647
2316 3149
1949 2811
1015 2329
777 1672
1400 1833
1531 1975
1371 2678
2214 3070
1912 2357
185 596
933 2244
1606 2059
2454 3292
2146 3003
1096 1986
1783 2210
597 1893
529 954
884 1264
1905 3186
1914 3196
2238 3092
2647 3474
1421 2736
1635 2533
1220 2117
1991 2431
412 1734
2239 3496
1190 2085
2614 3446
1828 3119
1927 2371
388 1713
257 672
1591 2498
1632 2533
698 1600
933 1816
1574 2027
1190 2085
1128 2424
1535 1981
311 1617
1926 2783
560 976
711 1103
2391 3233
1788 3070
614 1503
215 625
2272 2694
2226 3488
936 1332
2246 3508
1631 2927
1362 1788
3 438
582 1880
888 1273
100 525
2118 2975
999 1392
1417 1853
2270 3120
1049 1450
754 1146
1687 2978
2150 3008
1046 1933
1748 2181
1065 2380
1500 2396
347 1665
870 1757
2286 3551
835 2120
1486 1940
76 511
1175 2070
635 1519
592 1478
1185 2505
590 1008
2059 2482
82 1378
510 936
1773 2655
1566 2863
220 1515
2587 3424
2163 3020
2009 2447
1894 3176
1477 2387
1748 2643
915 2219
890 1274
1415 2726
1268 2585
276 688
379 805
1575 2032
367 792
2507 3356
663 1071
272 1585
641 1940
1739 3026
2128 2556
76 511
2277 3549
1856 3140
277 690
1577 2877
1756 3047
1348 2279
1644 2084
1690 2591
989 1384
1933 2378
1079 2389
2369 3198
1082 1977
819 1716
1954 2815
792 1684
1271 2191
1293 2608
163 1457
1845 3131
60 496
1137 1551
1190 2083
1606 2904
836 2125
999 2311
2145 3000
356 778
810 2091
1268 1686
1269 1688
872 2165
228 635
678 1081
1165 2059
600 1486
327 1632
1950 3234
483 907
2053 2897
1813 2694
711 1103
843 1233
1974 2411
1535 1982
187 1484
1308 2622
538 1404
833 1220
242 650
1181 2503
1966 2828
1531 1975
2196 2633
625 1515
476 1784
203 1497
2578 3409
1899 2342
2244 3501
954 2270
2159 3013
522 1390
945 2263
1342 2650
2659 3488
420 857
251 1556
405 839
899 1290
1113 2406
2595 3432
1186 2079
2498 3344
1745 3034
1763 2650
1536 1983
2218 3071
1399 2318
951 1340
1995 3271
148 565
1015 1414
1328 2643
1848 2726
2207 2646
54 493
2135 2566
2067 3326
2139 3403
2086 3357
314 1621
516 1828
1262 2575
1653 2942
2020 3295
1774 3063
890 1782
1078 1974
1031 2345
614 1504
1366 2670
971 2287
405 1730
1821 3107
1947 2391
357 1675
27 453
1872 2319
2058 2477
1687 2980
549 1423
597 1484
1128 2035
961 1848
1039 2350
1175 2485
825 1724
1071 1965
1461 2774
1549 2853
1216 1628
1698 2138
1743 3033
698 1600
936 1819
1557 2859
539 1406
2072 2918
781 1185
590 1008
152 565
2439 3274
2576 3409
514 1377
729 1118
618 1036
1678 2972
1182 1599
729 1118
1386 2307
919 1306
1697 2986
1833 3123
1607 2507
919 2222
264 1577
2051 2893
2259 3523
1663 2562
1469 2781
1220 1630
2342 3179
936 2249
2667 3496
1343 1766
212 619
255 670
1310 2631
533 957
1139 2447
1585 2492
2083 2932
2205 2643
1598 2053
846 2146
79 516
825 1725
106 1402
2491 3330
1229 2537
1181 2500
1427 2740
459 1770
2264 3531
1772 2655
993 1876
2688 3528
2224 3078
1240 1660
1947 2799
677 1575
1254 2568
731 2017
1520 2824
2215 3477
879 1770
1237 2544
1799 2227
1005 1400
1531 2836
1949 2811
1941 2382
1575 2874
1895 3176
2598 3434
925 2225
2649 3480
1239 2551
1916 2362
1402 1835
436 862
2181 3455
213 1513
697 1093
1159 2054
2072 2492
1553 2445
2083 2507
1995 2851
816 2096
2286 3551
318 737
1234 1648
2166 3438
1193 2513
1864 2315
312 1619
487 1796
1995 2439
906 2214
830 1216
2342 3182
1825 3113
1266 1682
2327 3158
1611 2068
2396 3236
2362 3196
1011 2323
635 1522
2678 3512
2561 3394
42 472
1243 2150
1978 2421
1687 2979
1441 1881
1239 1655
1406 2323
459 1767
917 1798
949 1339
340 767
1482 2788
871 1252
460 1770
1627 2525
2378 3213
231 635
992 1873
818 1208
1811 2692
1024 1904
464 1779
1139 2447
2379 3215
474 1783
858 1751
632 1044
1368 2288
1182 1599
1970 3249
1274 2196
269 1582
486 1794
1242 2148
1577 2877
79 1377
603 1488
2122 2545
180 1476
884 1264
775 1175
548 967
621 1923
970 2285
1888 2336
2159 3015
2450 3291
2028 2460
1531 1977
1293 1705
2077 3343
1822 3108
2464 3298
1416 2726
1390 2701
2249 3515
612 1909
1373 2291
1456 1898
475 1352
486 914
1792 3073
897 2197
2147 2583
1387 2701
1231 2132
1619 2520
549 1424
750 1640
2067 2489
2072 2492
2665 3494
1531 2834
2185 3046
2147 2579
2439 3274
392 818
906 2214
341 768
1967 2405
670 1075
565 1444
1268 2583
1034 1917
888 2191
919 1308
1844 2725
1905 3189
1002 1396
1136 2040
2314 3148
371 1690
1653 2547
682 1978
504 923
1611 2914
2080 2927
2059 2481
2086 3357
2485 3316
331 1643
1256 2169
1828 2266
1446 1887
1661 2559
1185 2505
1119 2410
1161 1571
1794 2224
316 1622
243 1544
1051 1451
1325 1745
970 1360
235 641
1821 2249
2160 3434
582 1001
249 657
1450 2358
2642 3469
317 1622
1373 2680
846 2147
1959 2822
1111 2008
479 1356
459 876
451 1337
1816 2701
1190 2085
2457 3295
2061 2488
34 1343
1575 2030
1088 1493
2086 2517
1152 2456
1373 1804
1706 2609
1860 3142
2089 2938
1253 2564
29 1343
1243 2150
1298 1710
184 1480
837 1225
1196 2515
2489 3324
1172 2484
565 1868
2043 2888
1983 2849
2707 3550
1896 2342
1413 1844
2156 3013
403 1730
1019 1416
655 1953
195 1489
1956 2816
2205 3471
2132 2984
1261 2574
947 1338
367 793
1467 2378
1716 2147
763 2059
2056 3308
696 1983
538 960
1015 1412
2100 2950
1860 2309
185 596
2113 2971
121 545
327 746
1821 2251
1911 2774
2254 2684
28 454
557 974
2454 3292
1126 2422
2086 2517
954 1834
728 1621
2286 3551
2624 3459
1582 2484
1821 3102
2499 3344
507 926
1330 2245
536 1404
1181 1593
1046 1446
1558 2861
2004 2442
192 600
521 1389
1346 2652
1336 2649
1571 2870
158 572
1332 2254
1926 2370
1729 3013
1386 2701
865 1756
1372 1801
213 623
1123 2019
1977 3253
497 921
2158 2597
1517 1958
965 1851
348 1665
680 1582
502 1368
2590 3426
625 1514
941 2259
1991 3270
1056 1455
2579 3413
204 1500
1949 3233
1155 2050
2721 3563
1151 2049
837 1223
276 687
1708 2609
2713 3553
1087 1979
298 1608
1840 2281
1180 2075
677 1081
1433 2350
2140 2989
1811 2694
84 519
898 1284
1870 2740
728 2012
1186 2079
1949 2811
754 2045
1534 2424
381 1699
311 722
2489 3324
2072 2492
208 617
845 1732
1541 2434
1541 2432
256 670
2277 2702
2460 3297
1096 1987
2012 3291
1818 2245
1494 1947
1415 2332
2249 2681
344 769
121 1420
1574 2030
591 1009
1300 2217
1242 2148
272 685
1619 2520
1071 1965
1601 2898
547 1420
163 1457
460 1343
526 1398
2247 2677
226 1517
192 601
2439 3277
1521 1965
2308 3142
60 495
961 1849
451 1761
400 1721
108 1403
1635 2081
1518 1960
1061 1461
686 1586
602 1896
2441 3281
208 1504
2269 3119
2172 3445
1558 2004
172 581
20 451
1080 1483
484 1358
1747 2179
472 1352
2055 3308
1787 2214
2273 2695
629 1515
1456 2370
1562 2863
1579 2039
1011 1892
1043 1929
439 1756
484 1791
1079 2389
1731 2161
1303 2613
589 1886
959 1841
538 960
1816 2698
1835 2713
1131 2037
1594 2048
2688 3528
1374 2291
2396 3235
1709 2145
1716 2149
830 2113
1477 2387
1021 1416
480 905
1507 2812
468 1781
1642 2538
919 2220
961 2276
1383 1816
2232 3488
2414 3253
205 611
401 824
1494 2395
864 1753
1880 2747
1663 2100
1812 2238
1680 2575
1947 2799
1327 1748
581 998
2177 2617
785 1186
801 2086
1857 2303
2074 2919
2122 2544
996 2307
1656 2094
2080 2500
2342 3180
1288 1700
1089 1983
966 1355
645 1058
1304 2220
961 1846
7 1330
1258 2571
2431 3269
2156 3013
1396 1824
449 1331
549 1855
821 1208
1104 2401
1096 2396
873 1759
719 2005
668 1072
1325 1745
609 1906
944 1827
121 1418
2233 2663
1427 2740
2043 3305
2623 3458
904 1786
70 505
1177 1585
2138 2986
1178 2073
1381 2297
9 1330
71 1371
268 680
707 1098
117 539
836 1730
478 1786
2355 3190
1811 2694
811 1204
811 2092
2079 2927
1853 3138
1284 1698
1126 2024
968 2284
1487 1941
2148 2584
564 1442
737 1627
1188 2082
479 1357
833 1220
1766 3052
2163 3437
419 1744
932 1327
903 1290
2193 3461
903 1290
508 931
1256 1671
1794 2224
75 1373
134 1429
1476 2387
1064 1961
820 1721
2089 3368
1416 2726
1150 2049
883 1780
605 1022
1756 2646
945 2263
2059 2481
1322 2634
1926 3199
1920 3198
1102 2399
2080 3350
2185 3045
983 1868
2225 3080
748 2038
1648 2544
2002 2441
2135 2565
2182 3043
1724 3013
1949 2805
2422 3260
1496 1948
591 1891
958 1345
1430 1871
674 1571
518 1830
1137 1552
915 1797
1530 2419
266 1579
1211 1625
989 1383
2547 3389
1189 2082
1052 1451
787 1681
348 774
1888 2335
1338 2265
656 1063
106 526
1266 1683
1404 1837
1025 1907
1888 2336
2121 3382
121 1419
413 850
1745 2637
1123 2417
632 1517
327 1630
2080 3346
654 1548
1305 1721
2247 2678
1732 2628
2061 2906
76 1373
262 677
2551 3390
1119 2408
2277 3545
310 1615
1749 3040
2636 3466
686 1586
409 1732
364 1681
1309 2624
472 1347
2618 3454
711 1101
324 738
1015 1895
299 1608
1043 2351
1517 1959
237 1532
2147 2579
382 1699
280 693
1985 2427
166 578
278 692
2222 3074
1819 2701
1301 2611
731 1119
1098 2396
1799 3086
644 1941
1801 2678
2103 3375
1638 2081
508 1373
27 453
1681 2975
907 2216
448 1759
1643 2932
451 1761
120 541
604 1489
965 2281
1016 2331
4 1326
210 1509
48 1357
1461 1908
887 1271
1710 2611
2108 2962
2084 2933
1352 2283
1035 1919
1483 1938
2507 3351
2358 3194
1960 2401
1436 1877
912 1300
1176 1585
904 1786
2597 3434
468 1346
554 1857
2113 3379
1480 2389
2131 3396
1144 2042
364 1681
879 1257
2053 2897
1053 1452
1986 2850
453 1341
1397 1824
1196 2087
1871 2742
2623 3456
1943 2385
466 1344
1858 2305
1513 2404
1737 2631
2156 3430
1954 2815
905 1788
827 1211
2317 3149
835 2120
1138 1553
1940 2382
516 1827
341 767
608 1494
1513 1957
1382 2299
348 1669
314 1621
2405 3243
1137 1549
1281 1695
1679 2972
527 953
1929 2374
106 1402
2301 3565
2181 2622
384 1704
1349 2656
924 2225
1168 1576
526 1398
776 1670
90 520
900 1290
70 1368
1812 3094
1178 2498
1756 2646
451 1336
1043 1929
861 1751
1102 2401
1611 2070
1888 3169
1230 1641
331 1642
1572 2870
2083 2507
2111 2536
656 1956
644 1941
1493 2395
2080 2501
2291 3557
1657 2950
1882 3162
1283 2198
1739 2171
1976 3253
129 1425
1984 3260
809 2089
744 1130
1085 1979
1914 2359
1377 2689
1190 1607
327 741
1748 3035
213 1513
2261 3114
1465 1917
857 1745
710 1098
1043 1928
1299 2216
1080 1484
2120 3382
646 1058
1946 2391
1531 2837
1239 2146
676 1572
227 633
2671 3501
2122 2545
760 2049
352 777
1071 1965
1693 2594
1931 3207
2585 3421
1582 2039
582 1880
546 1850
1257 1671
1305 1721
2439 3274
446 1331
1648 2543
2713 3551
1716 3005
1417 1853
1034 1432
589 1005
2104 2954
508 1815
70 504
1237 1652
1567 2454
127 547
3 1325
339 767
2246 2671
2401 3239
1745 2177
336 1649
838 1227
54 1360
2683 3519
1334 2259
1368 2288
2212 2647
392 1714
311 1617
851 1737
1070 1961
61 1367
1303 2615
2213 3068
2236 3092
1594 2048
128 549
1059 1950
2460 3298
1025 2339
761 2054
311 1616
2036 3298
1988 2430
243 652
1960 2824
118 1407
294 1605
1704 2989
1128 1538
777 1180
1489 2394
2336 3175
1213 1627
957 1344
714 1104
2708 3551
717 1104
1343 1764
660 1556
1448 2357
2014 2863
337 1652
84 519
1146 1566
287 1600
439 864
2078 3344
2039 2882
864 1753
1446 2752
1228 1637
1971 2832
2202 3467
1137 2444
1977 3255
672 1566
509 935
1824 2702
1394 1824
1839 2719
936 1332
1538 1983
500 922
1387 2308
2269 2691
204 1500
2177 2615
1261 2176
227 1519
1677 2114
1096 1989
272 685
1326 1745
2541 3382
510 1373
1860 2732
1458 2372
838 2132
5 442
844 1236
1851 3137
2131 2561
454 1342
359 786
289 1601
1293 2214
779 2075
1003 2316
865 1249
849 1736
1161 1572
1465 2779
2410 3250
837 1223
1417 2731
698 1600
2328 3161
946 1830
583 1472
1468 2781
172 581
448 1759
757 1646
904 2212
2494 3342
821 1209
1367 2287
2721 3562
1526 2828
2270 3537
2166 3438
1383 2696
1177 2495
1688 2130
768 1664
1260 1676
1828 2268
2506 3351
1861 2736
781 1185
2323 3156
372 1691
867 1251
839 1731
367 1687
749 2040
612 1027
1170 2482
530 1835
2210 3066
1704 2141
1762 3050
49 1358
2002 2860
1458 1905
2178 3034
307 1612
1086 1979
1598 2053
605 1899
2269 2691
1930 3204
898 1284
415 853
1506 1951
1479 2785
2639 3466
1718 3008
2245 2671
1128 2424
1167 2059
1345 2652
736 2023
1129 2432
1664 2102
352 1671
1656 2094
1789 2669
449 873
1102 1505
1124 2419
2301 2723
1029 2344
97 1394
2077 2924
885 1781
788 2081
1015 2329
1571 2870
218 1515
1817 2245
874 1255
383 1701
317 1623
545 961
1794 2672
2150 3008
1144 2453
52 1359
876 1765
656 1061
1196 2086
680 1581
665 1557
1758 2186
762 2056
1994 3271
2257 3108
1195 2513
1792 3073
1399 2707
1573 2470
225 1517
2362 3198
300 1609
45 1352
1129 1538
2127 3390
2264 3531
1978 2421
1128 1538
1848 3133
398 819
1176 1584
197 608
2293 3558
1062 2373
466 883
657 1064
2270 3120
2161 3017
884 1262
1531 2833
1418 1860
775 1175
884 2186
337 1652
1417 1857
1256 2168
2074 2919
451 1337
1302 1711
1693 2591
1786 2664
2496 3343
1435 2350
1267 2187
901 1784
1824 2704
2192 3052
779 2075
968 2284
1473 2783
1309 2626
534 1404
339 767
1513 2405
932 2241
1366 1789
1081 1977
2209 3065
90 520
134 554
159 572
1575 2470
1559 2862
642 1530
781 1185
2228 3488
1310 1732
1066 1473
814 1713
1520 2406
1417 2732
183 1478
1137 2443
1905 2350
121 544
476 1784
591 1009
1310 1732
756 2046
843 1234
1753 3045
575 1877
1441 2749
2166 3438
1828 3118
1302 1713
2649 3480
1554 1997
2063 2489
7 443
2520 3368
2332 3167
241 1540
1513 1957
526 1398
1144 2042
836 1222
464 881
653 1548
513 1823
2083 2507
1209 1620
654 1059
488 915
299 709
821 1208
1111 1514
2234 3491
836 1222
2096 3372
935 1330
843 1235
1055 1452
732 1622
1327 2243
1568 2456
982 1868
926 1319
138 1435
547 1421
1176 1584
771 2068
1064 1960
1392 2702
1459 2772
2183 3456
1209 2522
832 2113
1975 3253
1786 3069
2066 2489
1776 2658
1563 2863
1622 2922
281 1599
1425 2342
1656 2945
1388 2701
2132 2564
258 672
925 2225
2215 2648
2050 3306
1140 1561
256 1564
401 1724
1346 2276
1464 2777
177 583
1254 1669
2040 2886
230 635
645 1532
94 521
249 1551
156 569
2241 3095
821 2102
1450 2757
1060 2372
1321 2634
427 858
1253 1665
2246 3507
1861 3143
2723 3566
823 1209
2541 3382
1257 2172
1266 1682
1821 2702
1051 1941
1358 1787
1759 2649
656 1063
1381 2694
361 787
2047 2889
987 2298
1943 2795
1196 2515
933 1329
2395 3233
2128 3392
336 759
958 1841
2372 3202
2147 2579
1749 2182
180 586
1929 2787
1842 2281
1320 2229
1432 2349
2403 3242
1235 1648
138 559
1458 1899
1739 3026
2684 3521
641 1049
57 1361
1002 1881
2277 2702
1267 1685
2346 3186
1228 1639
1570 2866
751 2042
582 1881
616 1917
885 1781
1991 3270
1461 2373
2074 3338
508 1816
1305 1721
2085 3356
1398 2316
1425 1866
1604 2507
83 519
337 1654
2287 3133
1805 3088
1034 2347
1761 2186
1458 2766
1979 2840
100 1396
2126 3389
643 1940
204 609
455 1762
147 564
965 1352
1337 1761
1321 2234
1070 1474
1807 2235
1990 2431
449 1335
983 1376
448 1331
327 746
2059 3310
547 1421
944 1336
1814 2243
1948 3233
957 1344
1960 3240
1081 1977
1687 2585
748 1135
1594 2889
2645 3471
1405 2714
247 654
340 767
1607 2508
483 1791
2246 3508
938 1333
1825 2259
2061 2487
2435 3270
1242 2148
928 1321
1577 2877
513 939
1023 2338
10 1331
45 1352
2585 3421
2141 2992
1059 1950
1446 2752
2072 2918
1611 2911
129 549
908 2216
134 1429
845 1239
586 1003
1546 1995
731 2017
809 1199
1410 1840
839 1231
432 1751
497 1367
36 466
2352 3189
1535 2843
2059 3315
1958 2397
1371 2291
1343 2650
1949 3233
2147 3418
1239 1655
1338 2264
786 1677
252 1557
824 1721
265 678
1094 1986
221 1515
2163 3437
1762 3050
1940 2791
1148 2046
1193 2513
1161 1571
1839 2719
875 1762
1921 3198
1134 2436
1425 2343
1306 2620
1262 2575
2491 3331
1794 3074
2181 3455
1473 2384
2225 3486
1599 2505
1047 1934
950 1830
87 519
1259 2173
1975 2412
1853 3137
883 1780
1168 1576
1063 1465
2152 2589
445 1757
932 2237
873 1761
1957 2820
169 578
2156 2595
1139 2447
1491 1946
743 2035
778 1672
1151 2049
2059 2481
754 2046
1521 2824
1499 1949
801 2085
815 1713
939 1822
711 1612
2074 2922
568 986
1128 1538
1507 1954
711 1995
2381 3217
1061 2372
2233 2663
1097 1989
1528 2829
212 1512
1570 2869
2114 2972
1495 1948
1340 2270
565 1868
2147 3418
17 450
1056 1453
2085 2934
1814 2243
437 1325
838 1229
1528 2416
1083 2393
1995 2853
2004 3285
1960 2402
437 1325
448 870
659 1961
121 541
2625 3459
1881 2750
1119 1527
1601 2056
348 775
671 1973
1005 2322
954 1835
1800 3086
281 1599
1463 2775
1806 2233
1629 2528
1396 2314
621 1040
548 967
2351 3189
1872 3152
253 1558
1098 1992
2422 3260
444 869
2175 2614
1489 2394
1446 2752
564 1441
2168 2612
1140 2451
374 798
1576 2877
1011 1892
2156 3429
1319 2227
1665 2563
383 811
1448 2757
405 1730
2189 3461
531 957
1086 1979
2475 3308
2671 3505
205 612
1828 3118
833 2113
2290 3134
762 1163
874 1255
1103 2002
1887 3167
835 1220
965 2282
905 1293
1338 2266
2156 2593
1970 2408
1687 2125
59 495
1425 1867
1140 2450
125 547
2520 3370
1473 1923
414 1737
29 1343
626 1927
1804 2232
1169 2068
1611 2072
185 1480
382 1699
1252 2164
792 1684
2436 3271
1159 1571
521 1388
2219 2649
1710 2611
395 1715
1619 2520
1245 2560
1460 1908
2001 3278
1868 2740
1902 2344
2091 2942
403 828
108 1403
553 1427
1327 2638
2210 3065
311 1617
1141 2042
403 1728
1930 2375
142 1439
470 1347
2073 2492
450 1336
1845 3130
1825 2706
838 1230
2559 3394
1117 1523
1290 2208
713 1613
1421 1863
238 1534
596 1484
1407 1839
1691 2984
533 1403
1377 1811
1514 2405
530 955
1044 2351
856 2150
1223 2125
1792 2222
1807 2234
1736 2631
1828 2266
1606 2059
766 1167
724 1113
2365 3198
715 1615
2281 3127
1328 2643
400 1721
1861 3143
1161 1572
142 564
810 1201
1183 2075
1709 2143
749 2041
1709 2609
2091 2520
46 475
2059 3310
1201 2092
2396 3234
397 819
2396 3234
2400 3238
608 1492
1575 2874
1290 2208
860 2155
614 1915
192 1487
2528 3375
2412 3252
1939 2381
524 1394
1635 2533
1026 1908
620 1036
289 1601
2308 3568
1311 2631
2306 2724
928 2229
380 805
543 961
508 928
1140 1562
1008 2323
1316 1739
998 2310
1066 1471
558 1430
1674 2962
1524 2408
1111 2406
794 2082
510 1822
1063 1467
771 1665
2221 2649
1655 2091
449 1334
1489 2795
1366 2670
2422 3260
1674 2966
988 1382
566 1868
1959 3238
1825 2707
2690 3532
271 1583
1674 2111
272 686
484 910
1396 2316
258 672
776 1669
1762 2650
2177 3452
364 791
121 541
521 1390
2691 3532
1545 2851
1348 2279
473 1782
224 1516
1763 3052
1957 2396
1097 2396
629 1515
1691 2984
2218 3072
1636 2533
931 1323
2262 2688
1064 1467
2005 2862
1410 2723
1020 1416
1895 2758
737 1627
971 1364
1048 1448
2569 3402
584 1002
1417 1851
1139 1560
1077 1973
1202 1618
941 2259
2100 2951
1064 1467
1864 3148
510 1822
1846 2287
1687 2127
541 961
1346 2653
739 1630
1709 2996
924 2225
1411 2326
143 564
1628 2525
1290 2210
1753 2183
1159 1571
2539 3380
1137 2441
504 923
1731 3015
940 2259
90 520
1885 2332
1909 2352
1844 2725
122 547
1057 1942
1354 2658
2458 3295
672 1077
235 1530
2278 3124
775 2072
1520 2824
558 974
713 2002
2059 2900
608 1023
1689 2984
1166 2470
1179 2073
1889 2756
2527 3374
370 1689
296 707
2614 3445
2488 3321
1267 2187
291 1602
1274 2194
612 1911
2647 3476
1996 2853
2042 2466
569 1451
343 1664
668 1969
2080 3348
2118 2975
62 1367
925 2225
1408 2323
1944 3226
302 710
1932 2378
2124 3388
1218 2113
2116 2540
1030 1915
1930 2374
1554 2855
795 1689
1242 2149
998 1878
1407 2323
798 1693
1094 2395
2163 3437
1627 2524
1929 2785
982 1374
1881 3162
1392 2313
955 1342
2090 2942
1570 2456
1005 1885
2180 3035
262 676
809 1198
474 1782
1274 2194
960 1841
1074 2387
972 2287
1670 2957
2220 2649
129 1425
1196 2087
1907 2772
1252 2164
884 2186
1417 2731
1944 2385
647 1059
62 1367
1354 2658
1932 2376
2151 3421
2351 3189
282 698
2146 2578
1031 1427
1951 2812
1367 2672
1330 2249
1902 3186
837 2128
2080 2504
2252 3518
344 1665
1071 2386
1162 1572
1638 2081
249 657
589 1886
1220 2116
1254 1668
1256 2169
1013 1411
674 1571
1994 3271
642 1530
1573 2470
707 1607
1999 2439
2246 2677
932 1326
1288 2603
335 1645
162 1457
1570 2020
1824 2703
530 1836
560 976
183 593
403 831
357 1675
1300 2216
1280 2197
536 1841
2139 2576
697 1983
1297 2609
1676 2113
2270 2692
985 1380
2375 3206
521 1387
137 558
1987 2850
1042 1925
846 1242
1665 2954
2319 3154
2721 3564
649 1059
2290 3554
1611 2916
2396 3234
776 2073
1995 2439
1239 1659
617 1508
1618 2520
1927 2783
1507 1954
2175 2614
2042 3304
178 1473
1128 1536
403 1726
140 1437
1607 2061
1196 2515
1745 2635
358 1676
748 2038
2569 3402
413 1736
43 472
1668 2105
242 650
2149 3006
1483 2790
1789 2669
1316 2631
2649 3482
2012 2863
1649 2090
1912 3193
383 811
277 1590
1041 1924
334 1644
1431 2742
1047 1935
1128 2035
486 914
314 1622
1557 2002
444 1756
797 1690
281 1599
2174 2614
1120 1527
2213 2647
510 936
1137 2442
1322 2635
977 1368
214 1514
618 1035
1269 1690
90 520
1286 2202
2086 3357
312 727
1309 1732
876 1764
1074 1970
1490 1946
231 635
1209 2521
1328 2643
1055 2365
310 1615
1234 1648
1777 3063
403 825
724 1113
844 2144
867 1252
2015 3292
2002 2441
694 1982
502 1368
1344 2652
415 852
1102 2401
52 1358
1446 1887
1956 2817
307 1612
1762 3050
2102 3375
158 1452
592 1478
767 1661
1927 2372
2080 2502
1488 1943
877 1256
682 1082
760 1651
29 1343
1074 1478
265 679
2233 2662
1905 2769
121 543
99 524
1579 2039
2112 2968
1877 3156
1355 1784
1834 3124
1453 2365
2103 2953
1594 2891
2379 3215
979 2291
565 1447
1814 3095
1667 2104
594 1011
2186 3050
711 2000
733 1123
1762 2650
2202 2642
697 1094
1885 2332
892 1782
2478 3309
884 1264
514 944
656 1063
1825 2259
1733 2631
1006 2322
1291 1705
1436 2744
887 1267
2122 2975
1674 2962
2362 3197
509 1817
337 1652
497 1800
899 1289
974 1861
1611 2909
110 1404
40 1347
1376 2688
2694 3539
2277 3123
2278 3549
903 2212
1026 1909
439 864
1134 2436
2113 3379
648 1540
147 1443
403 833
1343 2271
2507 3356
2131 2561
100 1398
842 1233
2077 2926
1139 2447
1088 2394
602 1018
2097 2950
2128 3394
549 967
2061 2487
775 2072
1938 3216
1531 1974
1611 2907
1034 2347
1354 2659
158 1453
1242 2148
311 726
1969 2828
2043 2888
861 1249
1125 1532
761 1157
1739 3024
131 553
1308 2223
2233 3489
1698 2987
1418 2734
495 1362
364 1681
812 1708
1338 2263
548 966
1360 2284
562 1439
969 1855
487 1359
2654 3488
1291 2212
1407 1839
488 1359
1436 2742
415 1743
1220 1631
2130 2981
324 1630
1010 2323
1479 2388
2508 3357
1927 2783
1411 2324
1399 2709
740 1630
463 880
1044 1445
2526 3374
1611 2064
1081 1975
1269 2586
641 1047
2259 3524
1209 2103
1197 2516
749 1137
1675 2113
1568 2864
1967 2405
72 507
528 1831
2597 3434
1191 1607
1821 3105
1610 2907
1491 2799
820 1721
1212 2524
1216 1628
1350 2281
1602 2900
1216 1628
2016 2864
617 1034
364 790
1849 2290
764 2059
1240 1660
2718 3557
1063 2377
1452 2363
1139 2447
1181 2500
861 1751
1058 1944
294 1605
2116 2540
1129 2432
919 2220
957 2274
1126 1533
2124 3388
2306 3566
1082 1485
756 1150
1819 3100
1417 2732
590 1008
950 1830
2246 2676
1344 2271
749 2042
548 1852
1392 2313
1521 2407
1723 2622
364 790
866 1756
1334 1757
1455 2759
374 1694
1104 1512
878 1770
2145 3000
505 926
810 1200
1168 2066
987 1382
863 1752
1870 2741
711 1998
2245 2671
1709 2999
1722 3012
138 559
1100 2397
2189 3460
1355 2662
884 1263
314 731
2052 2893
663 1071
830 1216
659 1961
2730 3570
1288 1699
2259 3528
1859 3142
865 1249
2256 2684
2269 3535
2535 3377
177 583
47 479
794 1689
309 1615
2259 2687
1520 2824
679 1579
1858 3141
82 1378
884 1263
2405 3246
308 713
2490 3326
2647 3477
621 1923
387 812
915 2219
1646 2937
249 660
1482 2788
2706 3549
224 630
811 2092
602 1896
659 1961
1556 2859
704 1989
1680 2116
1871 3149
644 1057
46 1355
1309 1727
1148 1567
686 1979
97 522
409 843
464 882
459 877
2068 2490
2244 2670
565 1446
1788 2668
1872 2317
439 864
2081 2929
1407 1838
894 1279
1877 2324
2277 2703
403 1726
2446 3289
1399 2709
1686 2123
501 1804
2149 3006
982 2294
2264 3116
2233 3088
1983 2850
2722 3565
1061 1953
443 1756
1629 2528
2072 2492
608 1023
778 1672
294 704
1477 1927
845 1732
2147 2579
1018 2333
1661 2559
1293 2212
1416 2335
2116 2973
1410 1840
1458 2766
2142 2995
1835 2713
1096 2396
1770 2193
2086 3357
481 1788
1042 1925
1177 2495
809 2088
547 1422
29 1343
2646 3472
670 1075
1656 2094
1455 1897
656 1063
2730 3569
550 969
1094 2395
1774 3058
794 1190
2087 3363
278 1592
911 1792
10 1331
812 1711
1417 2732
1002 1884
2222 3074
2564 3399
1303 2615
1687 2980
1801 2680
1504 2811
1988 2429
1674 2111
1875 2742
2532 3376
2077 2924
737 1126
552 1426
887 2189
2061 2488
1635 2927
713 1612
472 1352
1417 2728
1398 1825
1256 2170
377 1696
579 1878
2464 3301
1912 2775
982 2294
1269 1690
2378 3212
1458 1904
781 2076
2074 2494
329 749
2524 3372
356 778
1771 3058
1761 2650
1859 3142
2682 3518
844 1236
2167 2612
1061 2372
1084 1978
1189 2082
517 1378
2316 3149
964 1349
1544 2851
1648 2938
736 1123
1684 2975
2138 3403
2098 2526
464 1343
2389 3228
1778 3064
1417 1851
2155 3013
2197 3058
2277 3543
676 1974
1731 3015
1169 2477
2589 3426
501 1367
1977 3254
1425 2738
2535 3377
777 2073
614 1914
134 554
680 1977
1992 2851
1359 2666
2116 2975
1015 1895
641 1048
337 1654
1309 1728
948 1830
1416 2338
608 1492
348 1665
932 1326
461 1771
1474 2386
2688 3529
623 1514
578 1462
181 1478
213 1513
2458 3296
264 677
919 1798
1169 1578
280 693
860 2155
1825 2259
1671 2570
1518 2822
677 1576
2255 3107
2293 3137
2379 3215
526 1398
113 1404
909 1791
1041 1924
709 1098
722 1108
1497 1949
93 521
2232 3488
2678 3512
538 960
2162 3018
1280 1693
2706 3549
2699 3543
470 1781
1718 2149
205 612
959 1346
1384 2307
1034 2347
1458 2766
1502 2396
590 1478
1112 2406
786 1678
2259 2687
1880 2327
118 540
2448 3291
888 1272
2319 3153
1592 2498
572 993
1792 3073
1605 2059
1113 2011
539 1404
2047 3306
1161 1572
2091 2942
1015 1412
1308 2223
569 1451
2225 2652
1872 2318
1881 2328
2691 3532
1888 2336
951 1340
757 2049
2695 3543
977 1370
1221 2533
2489 3322
1140 2449
675 1974
2061 3316
1440 2350
1046 1933
967 1854
2166 3438
1289 2605
1917 3198
1740 2171
1426 2344
1978 2421
668 1969
1720 2615
1611 2064
240 647
558 1429
921 1801
231 1526
2226 3082
1808 2687
1161 1571
1878 3157
1909 3190
1663 2952
2520 3370
2500 3344
1273 1690
843 1233
77 1377
516 946
1257 2170
2539 3380
270 1582
403 1729
2290 2714
1821 2248
608 1494
1763 2190
526 1830
464 1778
387 812
1429 1870
2489 3325
2074 2919
2288 2713
693 1593
1647 2540
1280 2197
1159 1571
1139 2447
1123 2418
1060 2372
1578 2039
1713 3003
753 2042
1005 2322
1875 2320
1346 2276
2002 3279
2288 2713
249 1553
403 1727
1258 2571
2200 3466
1290 2605
1854 2301
537 960
748 2039
1034 2347
1742 3033
857 1744
1308 2223
1999 2859
1607 2061
567 1868
2165 3020
833 1220
1469 2381
361 1678
932 1327
1183 2505
678 1577
1616 2516
1135 1543
879 1257
257 672
1694 2985
1015 1895
2336 3174
1759 2649
2142 2995
2006 2446
450 1335
507 1812
2122 3384
1712 2145
1583 2886
46 1353
2426 3260
1790 2218
2113 2538
2135 3399
398 819
1606 2904
750 2042
1443 1881
312 727
466 1781
1722 2153
2491 3330
1876 3156
1169 2477
491 1798
1669 2569
2039 3301
1835 2711
1880 3161
2494 3342
1062 2374
1925 2369
1705 2141
1021 1898
49 1358
976 1865
2149 3421
110 1404
1472 2781
1912 3190
739 2033
985 2297
1266 2578
1732 2162
470 1781
1706 2142
1059 1947
2147 3418
1893 2757
625 1515
22 1337
770 1168
1078 1480
1747 3034
1827 2262
2140 2987
1540 2850
2088 2518
2308 3569
1625 2524
632 1044
2473 3306
1642 2539
334 1644
1069 2385
1985 3260
1295 2609
1582 2039
844 1237
1733 2163
902 1290
2688 3530
1292 1705
2088 2518
1611 2068
640 1528
2162 2598
986 1381
2270 2694
1255 2569
1426 2344
1972 2410
466 1344
75 1373
1818 3100
1178 1588
1451 1894
474 1783
1115 2407
1201 1616
2008 3290
1231 2133
1347 1772
1981 2841
1698 2987
1819 2701
578 1462
1345 2652
1513 2405
1194 2086
1793 2672
1601 2900
929 1321
2244 3097
667 1560
1996 2853
565 979
1299 2216
1323 2237
118 540
1260 2174
1169 1578
371 795
277 690
1366 2670
1541 2850
514 1377
2068 3330
486 912
1116 2407
121 543
1982 2846
1430 2741
610 1908
2249 3515
2089 3368
924 1309
462 880
612 1028
1977 3253
644 1941
2707 3550
2721 3562
1680 2116
1571 2461
2281 3128
1378 1811
2166 3439
1687 2124
2003 3282
2249 2678
138 559
383 811
907 1790
1902 3182
2131 2983
2249 2681
2277 2703
2164 3020
1354 1781
172 1469
739 2033
1966 2828
1821 3107
924 2225
1671 2959
374 799
860 1243
1249 2158
2379 3215
1893 2336
1545 2851
699 1986
1208 2096
1788 3071
1754 2645
894 2197
46 479
2690 3532
963 1850
117 539
1948 2803
809 2088
1844 3129
1710 2611
150 565
2714 3555
2019 2456
1616 2516
1691 2984
242 1543
1104 1512
1788 3071
2261 3114
2293 2721
1740 2171
212 618
1548 1995
2113 2969
194 604
1373 1808
1888 2336
760 2049
2275 3543
256 670
360 786
2254 3519
459 876
2264 2690
2012 2451
1814 3095
1493 2395
1564 2863
2721 3563
508 1373
411 1734
1065 1469
1139 1560
2238 3092
1441 1880
2245 3097
9 446
562 1437
1267 1684
1585 2043
1250 2562
278 1593
2140 2988
1128 1538
1128 2425
1392 2702
2446 3290
29 1343
750 2042
1082 2393
2688 3528
129 1425
870 1757
1444 2751
116 1404
2723 3566
1760 2649
1201 1618
1485 2392
1544 2851
513 1377
1564 2452
1351 1775
858 1243
2016 2864
1625 2522
1005 1400
1637 2534
519 1379
2466 3301
763 1164
332 1644
1220 2532
2057 2900
1882 2751
1522 2827
776 1669
2460 3298
2337 3176
318 737
998 1388
181 1478
2038 3301
456 876
1701 2604
1088 2394
1355 1784
1739 3026
1810 3092
919 1798
2104 2954
2196 2634
197 1491
120 541
1519 2824
9 1330
197 607
464 1775
547 1422
2301 3139
231 1525
1833 3123
611 1026
1373 1804
1692 2591
1776 3063
1771 3057
2410 3249
374 1696
1716 2147
567 1868
2000 2859
1811 2694
1610 2907
149 565
1488 1943
1674 2112
1311 2631
868 1756
2207 3471
1781 3065
1576 2475
560 1862
249 1553
1779 3064
613 1028
180 586
936 1332
1838 3124
1788 2666
1173 2069
1123 1529
526 1830
1531 2833
2139 2576
1721 2616
1659 2100
1887 3167
1527 2411
728 2012
1553 2444
2079 2927
1681 2575
1331 2645
1584 2887
71 1371
1665 2103
2004 3285
618 1509
1114 2011
13 449
526 1399
1205 2095
1872 3151
1228 1639
2080 2502
605 1021
1564 2452
1914 3196
1114 2011
323 738
515 944
1499 1949
1002 1396
357 781
1825 3113
1687 2976
1025 1420
1104 2003
1029 1425
249 1551
2291 2715
1023 2338
2294 3137
2270 3538
240 1540
1295 2609
1190 2083
2186 3459
2205 3469
2614 3445
1991 3270
645 1057
1401 2711
2369 3198
1812 3094
1331 2645
507 1811
955 2271
493 1361
1967 2405
1995 2852
880 1774
1473 2783
1102 2401
1595 2051
1023 2338
777 1672
1121 2017
2287 3131
777 1180
1875 3155
46 477
778 1674
1491 1946
1126 2029
1404 2713
1922 2781
1209 1619
788 1188
2605 3438
899 1289
2421 3256
2319 3154
1129 2432
1092 2395
1828 3116
1481 2787
1748 2181
1538 2430
1084 1978
1220 2529
2726 3567
1798 2226
121 1417
2266 3532
261 1572
2622 3456
1187 2081
748 2037
557 974
859 1751
840 1232
504 1808
1269 2587
508 1815
240 647
2336 3175
1615 2516
438 1326
388 812
1348 2278
2277 3549
2157 3013
1509 1955
647 1535
1777 3064
1567 2456
1026 1425
1686 2975
2100 2951
407 1731
1096 2396
1410 1843
711 1100
1446 2752
708 1608
1883 3162
662 1556
411 846
1034 1432
1417 2726
167 578
2156 2591
1339 2268
403 1730
887 1268
2038 2877
97 1392
1722 3013
1305 1721
327 745
1576 2471
907 1789
1902 3182
1462 2775
806 1699
1357 2284
1529 1970
1366 1793
1535 1981
1988 2430
1788 3071
1177 1585
774 2069
2286 3551
1047 1934
1554 1997
1566 2015
2648 3478
925 2225
2201 3063
1579 2039
203 609
1094 1986
1126 1532
1663 2561
668 1966
1130 1541
1877 3157
191 1486
2569 3403
337 764
2458 3296
2385 3222
97 523
986 1868
1095 2396
1685 2975
776 1669
918 1798
1689 2131
238 645
1584 2488
610 1025
1886 2332
668 1072
287 1600
2241 3094
2405 3246
698 1600
2004 2444
565 1443
1987 3264
179 1474
2182 3043
1629 2528
815 2095
736 1123
2181 3455
1535 1982
830 1216
140 561
753 1145
2570 3403
1281 2595
565 979
314 1621
1874 2742
1711 2611
1181 2501
984 2296
1283 2597
1766 2652
2634 3465
1446 2755
1800 3087
266 680
767 1657
668 1561
2177 3033
2201 3466
1544 2851
883 1261
625 1042
1929 3202
925 2225
519 1381
1616 2516
1735 3020
309 713
976 1865
929 1321
57 494
1223 2533
470 1781
453 1339
1658 2950
2332 3162
961 2278
1739 2167
961 1849
405 1730
919 1798
1355 1785
2135 3400
1458 1899
1895 3177
351 776
927 1319
1796 3078
1637 2081
809 1196
770 1168
1554 1997
1137 2441
1943 2385
205 1503
1594 2891
1164 2470
1756 2185
2086 3358
821 1208
2667 3497
2126 3390
1237 1652
1655 2945
364 1683
569 987
212 1510
1938 3215
694 1599
1698 2600
14 449
1895 2759
426 857
2332 3165
1366 2287
1611 2916
2139 3403
2650 3486
1168 2064
1779 2658
932 2237
2404 3242
1356 2663
1056 2368
2485 3316
800 1696
811 1704
1233 2540
554 1857
437 1325
2216 3479
2339 3176
841 1232
1694 2136
1316 2631
1597 2893
1535 1982
1025 2340
706 1097
591 1891
547 1850
57 1362
1004 1399
472 1782
1383 2694
1183 2075
2196 3463
1771 2653
760 1155
1194 2086
1237 2544
2032 2876
1489 2795
43 472
815 1714
1098 1990
1661 2560
1238 2547
1693 2592
1753 2183
509 935
1233 2135
1590 2888
1054 1452
1167 2470
2254 2684
1531 1971
985 2296
2041 2466
1036 1922
504 923
2544 3382
1685 2975
884 2177
1785 2663
844 1239
1238 1655
427 857
367 792
737 1126
1176 1584
1693 2591
1824 3109
1363 2668
709 1609
977 2291
1643 2540
1702 2605
179 1474
854 1744
1410 2723
736 1126
552 970
2472 3306
163 1457
1177 1585
2523 3372
1932 2377
656 1062
1729 3013
180 1476
65 1367
733 1622
2190 3050
1585 2887
1927 3200
1321 2235
1989 3268
996 2307
1407 1838
1441 2350
1220 1632
1347 2653
2059 2481
1490 2394
2174 3032
1370 2676
2617 3454
874 2165
1311 2631
1002 1881
597 1893
1910 3190
639 1526
1914 3196
711 1995
2274 3123
656 1061
2291 3557
1134 1543
1025 1425
1656 2094
626 1515
1482 2788
2042 3305
1737 2631
1895 2340
1356 1786
427 858
506 926
391 815
2536 3379
1237 2547
1949 2808
2632 3463
2035 3298
1656 2950
609 1024
1291 2605
1589 2888
1774 2198
2667 3497
1044 2351
1168 1576
854 1744
1838 2714
1821 3107
327 746
474 1783
586 1474
179 584
1169 1576
516 1378
1898 2342
737 1624
1372 1801
1827 3115
602 1015
2287 3133
155 567
1023 1902
1456 2371
48 1358
2665 3491
1201 2518
1853 3137
2156 2591
2131 3396
2118 2975
1141 2451
2034 2877
1996 2854
1181 2501
1208 2096
2019 2457
843 2141
337 760
2612 3443
2086 2517
2273 3542
1243 2153
1417 1853
2186 3049
949 1339
2677 3510
1384 2307
2306 3567
41 1347
237 1532
402 825
1970 2832
1234 2541
205 1501
33 1343
2683 3519
804 2086
1849 2293
427 1747
1228 2535
1384 2305
261 1572
1763 2190
860 2155
687 1587
1178 2497
2564 3399
1497 1949
139 560
2335 3167
2039 2878
509 933
1297 1710
971 2286
1402 1835
607 1490
992 1873
804 2086
1920 3198
1678 2575
961 1846
1062 1463
739 1128
1947 2799
1636 2533
1181 1593
1200 2090
1461 2774
2272 2694
1212 2524
1373 1807
1554 2858
1895 2759
538 1846
627 1515
1425 2341
910 1792
358 1676
2124 2547
1627 2077
1641 2537
932 2238
1721 2152
1684 2579
1478 2388
1728 3013
1646 2085
2293 3561
2285 2708
1377 1810
894 2196
1867 2740
2042 2887
53 1359
1740 2171
2642 3469
2259 3523
2177 2614
289 703
1637 2534
2139 2576
1269 1690
737 1126
2137 2569
2276 3543
738 1126
1566 2453
2666 3496
1672 2961
2167 2612
1433 2742
2177 3033
96 1390
2178 3034
1065 2380
2681 3518
1494 1947
76 511
1173 2068
312 726
560 1436
16 1335
485 1358
79 1377
2245 2671
1572 2470
1345 2274
2526 3374
564 1442
2698 3543
2249 2678
1144 1564
1209 2522
450 1336
1656 2945
1482 2788
1399 2709
2632 3462
719 2005
664 1556
2229 3488
1818 2701
1949 2811
1762 2650
1066 2381
1489 2394
1991 3270
80 1378
1848 2290
1876 2322
2151 3423
2163 3437
564 1865
2280 3550
643 1051
1249 2157
1958 2820
929 1321
280 694
524 1396
1598 2053
1853 3137
560 1435
254 1561
1832 3122
1303 2613
520 1382
1571 2461
1705 2141
1333 2258
1584 2887
814 1205
2102 2527
1211 2105
843 1234
1266 2579
2126 3389
2147 3418
2272 2694
2077 2924
2047 2471
617 1034
1873 2319
701 1600
1416 2334
2259 3109
875 1761
2406 3246
770 1665
205 1503
874 2167
582 1469
1771 2194
1022 1416
837 2127
1404 2322
821 1208
1158 1570
2301 3140
1713 2145
1998 2439
1242 2148
1465 2780
1674 2963
1543 2850
280 1598
1215 2525
2004 2445
1226 2533
1258 2571
485 1358
1452 2364
1330 2644
1169 1578
577 1458
385 812
928 1812
724 2008
1070 1961
1788 2215
46 1353
1410 1840
317 736
1774 3061
1497 2396
2713 3551
2590 3426
1331 1756
691 1087
1485 2791
1828 3116
1239 1659
946 1338
336 760
1705 2607
2197 3465
1677 2574
1135 2439
2193 3053
1853 3138
899 2202
1716 3005
253 667
1253 1668
1106 2005
1984 3260
233 1526
2198 3465
2076 3343
1863 2738
2224 3078
838 2129
521 1830
1607 2513
618 1509
978 2291
2139 3403
1475 2783
806 1196
2492 3336
1104 2002
2093 3372
1969 3246
805 1699
2518 3363
2074 2919
578 1461
231 1526
1167 2064
914 1301
1220 1629
1243 2151
1410 2723
1596 2893
1829 3120
768 1664
2097 3373
1702 2140
998 1878
932 1325
1928 3202
1463 1914
763 2058
993 1384
519 1381
2666 3496
1541 2435
873 1761
1767 2192
766 1167
2243 2669
1570 2457
589 1886
121 546
1320 1741
1021 1898
2541 3382
2270 2692
859 1243
1037 2350
810 1700
1179 2498
2071 2492
2099 2950
1059 1952
1431 2742
1748 2181
632 1046
1741 2634
1322 1744
2246 3508
508 1815
1753 3043
1242 2148
1493 2395
2193 2631
598 1484
1458 2765
1519 2406
73 508
2090 2941
414 852
2085 2508
1048 2356
1169 1576
1145 2453
612 1027
1864 2738
2232 3087
1129 1538
1536 1983
534 1841
190 598
1043 1927
302 710
1063 2377
1769 2652
309 713
2247 3511
937 1332
1582 2485
1468 1918
1541 2434
1368 2288
737 1126
1544 2439
2451 3292
1414 2330
1494 2802
1733 3019
1588 2495
1670 2569
166 1459
1274 2591
524 1395
1280 1693
1630 2927
5 1326
2105 2956
756 1150
2336 3173
1178 1590
1824 2703
156 1450
1410 2719
1810 3092
2291 3556
2342 3178
971 1365
950 1830
1627 2077
1639 2932
1714 2613
1098 1992
105 526
1571 2870
1959 2401
1071 1965
1849 3136
2180 3455
2303 3140
1451 2362
754 1145
45 1352
2106 2534
2132 2564
771 2068
335 757
415 853
1860 3143
327 1634
2411 3250
1300 2217
311 720
1941 2793
2086 3359
2446 3289
1467 2380
120 1409
564 1442
238 1534
2243 3497
2263 2688
440 1326
486 1794
1327 1748
1974 3252
2051 2473
2205 3471
1880 2327
2684 3523
1056 1455
595 1480
2249 2681
427 858
2039 2882
1820 2247
2245 2671
2018 2866
1794 2224
2196 3464
1482 2389
400 1721
1001 1393
1343 2651
804 1696
1774 2656
857 1745
2111 3378
1797 3081
2226 2652
1685 2975
1239 2145
2523 3372
924 2225
977 1368
1427 2347
2552 3390
497 919
326 1630
339 1654
1304 2220
663 1071
887 2189
970 2285
262 1573
999 1392
474 893
1046 2355
2202 2642
1062 1462
899 2204
1376 2687
2141 3409
1486 2792
1622 2922
1621 2074
54 1360
1779 3065
1279 1693
1005 1400
2531 3376
1541 2435
838 2131
403 1730
1196 2087
1004 2316
1672 2108
1036 1923
1237 2545
762 1163
312 1621
457 876
872 2165
2003 2441
1436 1878
861 2155
1080 2389
2142 3409
1281 1694
1415 2726
1823 3108
2396 3234
766 1167
2128 2554
2460 3298
626 1515
2068 2490
2186 3047
884 2180
1521 1965
2431 3268
2083 2932
866 2161
528 954
1844 2725
1864 3149
1504 2811
1001 2314
357 778
2545 3388
936 1332
722 2006
1756 2646
364 1684
39 1344
880 2173
1378 1811
723 2008
2402 3241
1771 3058
696 1983
2449 3291
2063 2907
2223 2650
1594 2891
2140 2987
516 945
1218 2113
1087 1979
2072 2918
1329 2644
276 687
2286 3551
2145 3001
2076 2922
2174 3033
1411 2326
1283 1697
2293 2720
635 1521
1738 2166
1745 2635
2086 3357
569 1872
304 1611
310 1615
739 1630
1485 2392
838 2128
563 1865
1677 2971
449 873
255 1561
1905 3186
1252 2164
1011 1891
977 2290
2150 3008
1080 2390
1977 2420
1137 2440
127 1423
169 1463
1558 2002
1690 2590
869 1757
746 1637
1984 3260
1480 1929
659 1961
1577 2877
1106 1513
1075 1971
1288 2602
2074 2494
2611 3439
1844 2285
2200 3466
1060 1456
978 2291
2186 2623
1976 3253
449 1335
548 1851
1740 2633
22 452
431 1751
1895 2759
1931 2375
1681 2575
1491 1946
336 759
2458 3296
385 812
954 2270
1373 2685
1885 2332
2470 3305
1442 2351
1417 2728
6 443
1233 2540
857 1745
448 1759
2721 3563
2046 2889
1188 2507
1384 1816
1226 1637
1834 2711
887 2188
1441 2350
1762 2650
2463 3298
507 927
453 1339
1143 2042
352 776
1807 3091
860 1243
329 749
1534 2423
552 1426
729 2014
1005 2321
2539 3380
1091 1983
348 775
1025 2339
2055 3308
1853 2299
1437 1879
1253 2565
464 881
2402 3242
1139 1553
392 1714
1374 2291
1363 1789
2139 2576
2189 2627
1604 2059
242 1540
54 1360
1787 2666
329 749
1816 2701
2156 3426
1794 2224
1121 1527
1690 2590
1918 2780
1189 2082
635 1521
2595 3432
1920 3198
615 1916
2346 3186
1962 3242
1792 3073
956 2271
1171 2483
1316 2632
436 1752
1767 2652
2166 3438
1618 2520
1831 3120
925 2225
509 1819
1346 1770
1239 1660
180 1478
1488 2793
1383 1815
2472 3306
1609 2513
170 579
1863 2312
1381 2694
1445 2355
573 1457
250 1556
1097 2396
1636 2081
632 1044
1209 2104
1072 2387
798 1692
480 1787
1327 1748
1194 2513
2669 3499
704 1602
1047 1935
1373 2683
1148 2046
1353 2658
2330 3162
1671 2571
409 1732
1376 2296
1532 2421
737 1627
437 864
1282 2596
2122 2545
1947 2391
1841 2281
1886 2332
336 760
625 1515
557 1429
568 986
953 1831
2578 3409
1566 2454
489 915
1890 2336
830 1216
1137 2441
1615 2073
926 1808
1848 3133
579 1463
958 2275
1775 3063
957 1837
1123 2018
2259 2687
1561 2863
545 1850
1309 2626
861 1751
938 2256
1389 2310
656 1955
620 1513
2233 3089
2292 3557
820 1208
1661 2559
907 2216
504 1808
382 810
894 2196
172 1464
1459 1905
513 1823
1912 2357
419 1744
1624 2077
1134 1543
1012 1411
1458 1901
2061 2904
1410 2725
403 1726
1819 2247
1482 2789
1382 2694
2473 3307
1232 1642
1532 1979
1042 1441
680 1581
1276 2591
1178 2497
1514 2405
373 798
1788 2666
569 1872
1875 3155
1336 2262
883 1261
1039 2350
1242 2148
2081 2932
1633 2927
1821 3107
1863 3148
654 1548
1104 2005
2316 3149
843 1731
1456 2371
1915 2777
1283 1696
70 1370
465 1343
1870 2740
1799 2227
568 1870
2163 3437
659 1961
2451 3292
1450 2358
2122 2545
1252 1665
834 1220
1045 1445
1180 2498
496 1367
1337 2649
1349 1773
2175 2614
753 1145
766 1654
942 1336
2061 2907
689 1590
578 1877
377 1696
415 854
242 650
936 1332
476 903
2264 2688
1137 2442
1875 2742
1889 2756
237 1532
1373 2686
1561 2863
2191 3052
519 1382
1373 2683
1649 2938
2247 3101
2249 3515
898 2200
2139 3403
1339 2268
1303 2615
957 1837
668 1074
866 1756
1966 2828
60 496
1931 2788
2454 3292
2024 2459
459 877
1905 2350
721 1106
1965 2404
1534 2841
39 468
43 472
1201 1617
2723 3566
2059 3310
801 1191
629 1515
770 1665
1674 2110
2211 3068
329 1637
1288 1698
2105 3376
1320 2633
1131 2037
887 1271
884 2182
2074 2919
2139 3403
2422 3260
1228 2535
1082 2393
538 960
203 608
1934 3213
1912 2358
1376 2294
938 1822
1342 2270
1611 2513
1303 2615
2042 2468
322 1627
688 1979
1169 1578
500 1802
1663 2561
1499 1949
2058 3309
884 1781
1458 1905
1460 2772
2103 2530
999 2310
933 2244
2025 2870
565 1868
1902 3186
1422 2738
483 1791
72 1372
481 907
1939 2381
1894 3176
1407 2717
2598 3436
1601 2898
1693 2591
979 1865
482 907
1042 2351
809 2090
1370 1799
1289 1701
1531 2833
944 1336
1258 2571
1879 2747
1522 2407
2146 2579
1531 2836
2081 2506
766 1167
857 1745
2153 3426
1705 2606
1407 1838
1425 2738
1226 2128
2430 3268
1362 1788
2080 3348
2659 3488
1370 2677
227 1517
2279 3124
1795 2676
1544 2850
1600 2505
662 1961
1001 2313
1446 1887
518 1830
39 468
2093 3372
934 1330
2093 2520
1482 2788
1738 2166
529 1403
2021 2458
855 1744
1482 1936
486 912
2243 3497
1918 2780
1002 1882
1709 2143
919 1306
1679 2116
208 1504
2089 2518
1817 2701
617 1509
1555 1998
887 2189
271 1583
1290 2205
876 1765
2132 3397
1621 2074
729 2012
2460 3297
2225 3486
192 1488
2080 2927
739 1126
2147 3003
1908 3189
2152 3424
1822 3108
1978 3260
2684 3522
2473 3307
982 1374
1051 1451
1481 1931
572 1454
2506 3350
1527 2413
2071 3331
1975 3253
597 1015
1932 2378
1722 2622
2232 3088
957 1836
474 1784
2132 2984
1834 2277
1722 3013
2422 3260
707 1608
2535 3377
464 880
193 1488
1992 2435
2277 2701
1304 2220
1850 2726
1358 2665
311 1617
2152 2589
700 1096
704 1604
1171 1581
1410 1840
936 2249
1327 2639
1853 2301
2200 3063
582 1469
1739 2167
1701 2140
1706 2992
2385 3225
1102 1504
1196 2086
1846 2287
1908 2773
1057 1456
1007 1405
464 881
1611 2909
180 1478
2191 3052
252 664
988 2301
844 2144
2635 3465
1858 3142
1119 1526
748 1133
526 1398
39 1344
779 2075
1758 2186
437 1752
1611 2915
1332 2256
957 1344
616 1917
859 1751
959 1841
985 2296
1368 1794
231 1526
1185 2505
2166 3022
427 858
1416 2336
1503 2397
1076 1973
1268 1686
596 1011
933 1327
2428 3262
1782 2210
1397 2706
2077 2926
644 1941
2460 3297
974 1860
1071 2387
903 1786
2647 3477
1688 2982
1958 3238
629 1043
2146 2579
2369 3199
1721 3009
752 1643
1927 3201
726 1618
2535 3377
2646 3472
1706 2142
1974 2411
1568 2456
681 1582
2277 3543
54 1360
695 1089
678 1081
1983 2850
329 1637
2235 2665
725 2011
237 642
1411 2325
2024 3296
1175 1584
2051 2891
1244 1661
1882 2751
1578 2877
2410 3249
724 1113
1611 2066
1902 2344
2428 3263
598 1486
1313 2225
1233 2136
2232 3087
710 1609
1252 2165
1821 2702
572 1456
1418 1861
1636 2533
327 1633
1554 1996
120 541
480 904
1918 2780
2001 2440
1796 2225
1404 2713
835 1220
966 2284
1080 2392
107 1403
2466 3301
1696 2986
1120 1527
2140 2987
2269 2691
1740 2173
2370 3200
1473 1923
2010 2863
1774 2198
1832 2271
240 647
1672 2107
163 1457
547 965
2308 2726
577 1459
1905 3186
1417 2731
42 472
2059 3316
1334 1757
327 742
2137 2986
1479 1927
1745 2635
1122 1528
1920 2781
528 954
133 1427
1384 2307
296 706
2290 2713
1009 2323
2128 2555
1307 2622
611 1500
129 552
1965 3243
2526 3374
1888 2335
453 1339
1879 2747
733 2017
1208 2097
1220 2531
2081 2930
1274 2196
367 792
1151 2049
1995 2852
598 1015
2636 3466
1946 2795
888 1272
249 660
565 979
923 2223
2489 3324
1308 1725
1254 2165
2139 2576
698 1600
271 682
730 1119
998 1387
1731 2161
2547 3389
493 1361
2346 3186
1080 1484
49 1358
327 741
706 1990
644 1941
749 2041
1168 1576
1753 2644
1762 3050
1747 3035
1336 2260
1417 2731
1774 2198
2243 2669
2523 3372
401 824
1384 2306
929 1321
1125 2419
1574 2028
884 1262
1794 2676
1151 1567
1098 1503
1923 2781
884 1264
1893 3176
2068 2490
1536 1983
1814 2694
847 1734
1838 2714
1879 2745
538 1404
1079 1974
1570 2022
33 1343
2293 2719
1316 1740
1459 1905
1646 2087
1832 3122
2202 3467
1232 2540
378 1696
1240 2559
1619 2520
1655 2091
1863 2312
76 1377
915 1798
2598 3437
2182 3042
1066 2382
398 1721
1777 2203
109 1404
2632 3463
1410 1843
2232 3087
1912 2357
655 1953
1066 2381
1848 3133
235 1528
2563 3396
1595 2051
174 582
461 879
1009 1889
2146 2578
1228 2537
1995 2439
790 2082
2191 3461
1369 2676
305 711
392 1714
567 1449
2246 3509
649 1059
1066 2382
317 1622
830 2107
1309 2625
1568 2456
1479 2785
1267 2581
732 1622
1580 2482
1025 2340
2043 2888
1704 2605
736 2021
2723 3566
1137 1545
2148 3420
771 2068
2708 3550
801 2086
180 588
2059 3316
1905 3186
1456 1898
567 1868
1833 3123
2336 3173
2189 2626
2312 3144
985 2296
1181 2501
976 1865
528 1402
1736 2165
69 1368
2520 3368
1478 2388
76 511
756 1644
549 1855
1451 2361
251 1556
766 1654
2167 2612
2077 3344
1627 2525
1517 2821
2622 3456
703 1602
1330 2246
1175 1584
564 1442
1350 1774
1043 1927
443 1328
2232 3087
2613 3445
106 526
579 1464
1062 2376
1488 2793
2129 3394
835 1222
2093 2520
738 1629
1560 2006
999 2311
1269 2587
248 1551
259 1571
915 1301
1301 2218
195 1489
5 1326
1210 2104
996 1877
2139 2576
1222 2122
554 1427
1119 2409
1145 2044
441 1756
1059 1950
1572 2470
311 1616
2135 2985
1930 2375
1330 1754
1196 1615
1446 2356
2216 2648
1461 2774
772 2068
1978 2421
1770 2193
2163 3437
1237 2544
517 1378
2403 3242
1914 3195
1302 2613
597 1893
2251 3518
1208 2098
2280 2706
1987 2850
964 2279
2280 3125
1798 2227
1358 1786
2072 2918
2650 3486
701 1096
1162 1572
964 1350
798 1190
641 1936
1996 2853
838 2129
165 577
1988 2430
2198 2636
2439 3276
1373 1804
239 647
415 1740
2151 2586
867 2162
1078 2388
1610 2513
2027 2870
578 997
1397 1824
1668 2566
2004 2862
2316 3149
1011 1893
1808 2687
100 525
2015 3292
1532 1979
2476 3308
1647 2088
1568 2018
1350 2657
330 750
814 1713
553 1427
1838 2280
693 1593
2654 3488
2436 3271
2177 3453
1464 1916
476 903
1457 2763
1745 2638
206 614
2158 3433
5 1328
1950 2395
1742 3033
1102 1504
1970 3246
1189 2082
358 1676
1354 1783
1067 1473
2492 3332
875 1762
142 1440
1025 1422
1121 2415
756 2046
1167 2059
1087 1980
2237 3496
876 1762
1114 1521
572 1873
1690 2590
2308 2728
1507 2812
1739 3026
2184 2623
203 608
2011 2863
1132 2037
1448 2757
2167 3439
385 812
2354 3190
961 1347
340 767
2223 2649
412 848
805 1698
576 1877
1706 2609
647 1946
1945 3228
1961 2402
1253 2565
1392 2702
1511 2401
2027 2870
621 1924
1081 1974
903 1786
1988 3265
898 1285
1452 1895
2237 2665
1274 2195
2008 2863
1370 1796
1071 1965
76 1377
1373 2680
505 1371
323 738
2086 3357
1958 3236
1209 2104
513 1823
1880 2327
2473 3308
830 2107
830 2113
2185 3045
1267 1684
1779 2208
1970 2408
1949 2811
1336 2259
2156 2591
888 2194
1141 1564
2244 3500
1590 2045
403 1728
2102 2952
1540 2850
2308 3568
2664 3491
1681 2575
1260 2574
1664 2953
1056 2370
1607 2511
1558 2861
2152 3424
1685 2583
2088 2518
2061 3316
1427 2347
142 563
2310 3143
674 1974
1056 2367
1529 1970
1415 2331
1800 2231
2116 3380
618 1035
2614 3450
1998 2439
1077 1974
1125 1532
2121 3382
2517 3362
2042 3304
1130 2035
1348 2655
1570 2019
631 1517
2101 3374
1018 1415
1304 2220
1296 2609
1340 2270
1196 2515
1187 2081
1984 3260
127 1423
891 1274
1564 2452
1808 2687
2460 3298
1019 1898
2642 3469
141 562
1827 3114
904 2212
1459 1905
2583 3420
1956 2816
818 1715
1721 2152
1004 1885
2080 2504
297 707
767 2064
1181 1595
1737 2631
2451 3292
274 686
1128 2425
835 1220
682 1978
2074 2919
1843 3129
1047 1933
1440 2747
1309 2626
504 1808
1832 2271
2009 3291
1970 3246
728 1621
2037 2464
221 1515
616 1917
2246 2672
554 1857
2316 3149
401 824
614 1504
1368 1794
1445 2352
1807 3090
1220 1630
1849 3136
408 1731
1727 2623
651 1059
2139 3403
107 528
1687 2981
1039 2350
2293 2720
2228 3488
503 923
888 2193
1446 2752
1513 2404
764 2059
1863 2312
1786 2664
243 652
2466 3303
2175 2614
2541 3382
368 1688
1979 2840
1568 2018
335 756
1523 2407
2166 3022
1507 1954
2535 3378
1371 2678
509 1817
2638 3466
41 1347
1710 2610
1944 3227
1128 2035
387 812
710 1611
569 990
1493 2395
2158 2596
1922 2781
2645 3471
781 2079
29 454
1603 2506
697 1093
1384 2305
1560 2449
731 1119
1957 2820
2164 2605
2135 3402
62 1367
894 2196
1190 2083
237 642
1603 2506
965 1351
1205 2094
1242 2148
2146 3411
153 1447
760 2049
1706 2142
1260 2174
996 1877
2079 3344
2186 3049
1788 2666
1171 1580
2019 3292
1304 1721
2193 3057
2721 3564
192 1488
374 799
2209 3065
452 875
2147 3003
875 1256
1309 1732
296 1606
1459 2772
1862 2312
1269 1687
2108 2962
1237 1651
1111 2406
632 1932
744 2037
1619 2520
2223 2650
1630 2077
1774 2199
2083 2932
1986 2428
1966 2828
1665 2562
2247 3102
172 1464
1102 2401
2011 3291
2141 2990
276 1589
1655 2548
1992 3271
1822 2255
62 1367
309 1615
723 2008
436 1751
1383 1815
932 1326
2123 2976
2074 2494
2088 2518
668 1072
1721 3008
2053 2897
605 1901
459 877
2033 3298
1902 2344
1185 1603
2646 3472
787 1681
574 1876
1334 2646
1932 3209
2369 3198
1691 2135
925 1319
2646 3472
1159 2457
1560 2863
1794 3074
1400 2709
2300 3565
1770 2193
1881 2750
830 1216
1496 2805
2396 3235
2105 2957
785 1186
2291 2714
470 890
371 1690
728 1114
902 1290
348 1665
1798 3083
899 2202
1102 1506
2300 2721
2010 3291
1451 2758
1172 2068
921 1802
541 961
1239 2552
1230 2538
261 674
651 1544
153 566
1899 2342
565 1445
924 1309
1772 3058
827 2104
1915 2362
762 1160
541 1413
1872 2317
1414 2726
672 1564
1977 3253
1456 2371
569 987
710 1609
1062 1463
2233 3491
1098 1995
2442 3282
1082 2393
1567 2455
224 629
2081 2928
2694 3539
961 1347
262 677
2126 3389
1205 2094
186 1484
331 751
1603 2900
1557 2859
1740 3030
1504 2397
2316 3149
836 1730
839 1731
341 767
2249 2678
1210 2522
2545 3388
1267 1685
1436 1877
1321 2230
271 1583
490 1798
1531 2837
1696 2596
521 1830
154 567
1611 2066
1807 3089
1023 1902
1363 2285
2202 3467
1721 2620
108 1403
1209 2522
2578 3409
2062 2488
1201 2517
1513 1957
875 1762
775 2072
1031 1427
1922 2781
1695 2596
2280 3125
1671 2107
407 1731
1740 2633
2061 3319
2232 3488
1751 2182
635 1047
945 1336
2284 3129
551 1856
563 1865
240 647
1753 3045
2093 3372
2259 2687
1777 3064
649 1540
977 2290
946 1830
2353 3190
901 1784
560 976
2282 3129
1579 2039
2104 3376
609 1024
1446 1882
711 1100
1297 2216
2126 2550
396 819
408 1731
1236 2141
337 1652
723 2007
1177 2495
961 1846
1810 2688
1648 2544
1366 2670
1479 2388
293 704
2087 2517
1420 2338
1842 3129
787 1681
843 2138
2088 2938
1721 2152
2578 3409
1574 2872
412 1736
781 1183
1015 2326
250 1556
1692 2591
209 617
2083 2507
2004 2444
2246 2671
1128 2035
348 1666
536 1404
1463 1914
2078 2927
1532 1979
1462 1911
2275 3543
800 1696
1390 2702
417 1744
444 1330
2564 3399
502 1367
1858 3141
397 819
516 946
1824 2702
860 1751
231 635
1283 2598
1611 2912
2460 3298
1022 1416
1119 1525
1646 2085
2059 2481
1575 2032
1011 1410
699 1986
1327 2639
1983 2849
1775 2658
1749 2181
1779 3064
1905 2350
1938 2380
594 1480
859 1751
1926 2783
828 2106
615 1031
964 2280
1367 2287
495 1363
577 1458
880 1772
1676 2573
510 936
95 521
2166 3024
897 1283
461 880
2342 3182
701 1600
754 2046
625 1042
641 1049
630 1517
753 1644
1674 2111
2039 2883
2624 3459
2194 2632
997 1386
2004 2445
774 1175
1047 1934
884 1262
970 2285
646 1058
769 1664
474 1783
1069 1473
474 1783
1821 2249
1825 2261
1267 2187
609 1499
172 581
138 559
2185 2623
2192 3461
460 1343
97 522
2322 3155
1040 2350
1095 1496
1211 1625
156 1450
654 1551
329 1640
1582 2039
244 653
1104 2004
2158 3432
623 1924
1621 2074
1902 2344
449 1332
1494 1947
1373 2680
1051 1451
1254 2165
1258 2571
1581 2484
1088 1980
40 1347
1181 1598
744 1130
2115 2972
1846 2726
2019 3293
1431 2742
1643 2084
880 1773
2211 2646
931 2235
1718 2149
310 1615
1108 2405
2723 3566
1390 1820
2156 3013
969 1856
922 1804
1874 2742
1742 2634
2227 3084
2223 3484
1308 2223
1504 2397
66 502
32 1343
339 767
2128 3393
855 1744
860 2155
761 2054
1259 1676
926 1810
2218 3073
1893 2757
818 1715
2619 3455
911 2216
2376 3208
514 944
29 1343
1186 2081
1209 2103
923 1805
1346 2275
2271 3120
1034 2347
497 920
1233 2540
948 1830
2473 3308
585 1002
1749 2181
2156 3431
2630 3461
1071 1475
1017 1415
493 1361
247 654
135 1429
2617 3454
1567 2455
1944 2389
907 1295
1421 1863
1053 2362
465 1343
575 994
2140 2989
697 1983
1789 2669
2301 3140
481 1788
2119 2975
2590 3426
1741 2174
1343 2651
1853 3137
605 1023
597 1893
1455 2759
208 617
1418 1860
1035 1432
158 1452
728 2012
1528 2415
2649 3483
2429 3264
2196 3058
786 2081
1209 2104
1288 1698
1347 1772
608 1492
1615 2918
379 1696
2246 3100
2235 2665
2068 2490
960 1842
1534 1979
1435 2350
1168 2064
1977 2421
1001 2314
1783 2660
641 1938
2076 2922
1250 2161
2030 2873
989 1383
1970 3249
1005 2322
1441 1880
773 1173
707 1098
1584 2040
1946 3229
1399 2707
2088 2937
46 477
2577 3409
2308 3569
966 2283
2181 3038
1414 2726
470 1781
1732 3017
748 1136
1656 2094
141 562
443 1329
185 596
2197 3058
2316 3149
235 641
982 1374
2439 3277
615 1030
2179 3454
60 1364
2536 3379
686 1587
998 2309
1287 1698
1458 2765
1107 2006
1384 1816
1942 3222
1544 1989
669 1074
318 737
357 1675
1814 3097
1181 1598
2303 3141
1077 1974
2241 2667
1458 2767
403 1729
13 449
2368 3198
2557 3394
1045 1445
582 1470
2070 2491
1911 3190
177 1470
2605 3438
1114 2406
923 1804
1102 2400
1001 2314
1089 1982
1736 3022
1416 2333
2135 3402
2469 3305
1988 2850
584 1473
586 1884
521 1387
706 1605
1147 2454
1169 1578
1564 2863
1883 3162
2058 2900
453 1339
1047 1934
2135 2566
1863 3148
609 1025
999 1390
973 1858
846 1240
938 1822
2177 2614
337 764
711 2000
716 1104
1281 2594
368 794
1186 2079
1624 2076
1509 2816
2059 2901
2074 2492
464 883
1709 2143
1061 2372
1288 2604
1251 2562
1698 2599
855 1242
621 1923
709 1098
1970 2829
1312 2631
2100 2951
1370 2677
613 1028
289 701
2136 2986
2018 2866
812 1704
724 2008
1797 2225
1570 2867
1233 2540
519 1378
1996 2854
238 645
1755 2185
2422 3260
1240 1660
2151 2587
1482 2789
1946 2391
1303 1716
811 1204
533 958
2092 2945
2037 2464
1968 2828
521 1387
1836 3124
2128 3390
710 1611
2416 3253
1088 2394
756 1150
970 1857
2293 3557
1242 2148
90 521
234 640
2103 3375
1941 2792
138 559
685 1979
470 1781
931 1323
1399 2709
2059 3316
1670 2106
1249 2158
118 539
811 2094
1180 2075
993 1875
1649 2090
2705 3549
2205 2643
2151 2586
1730 2159
1334 2649
195 1490
1050 1940
1615 2919
120 541
2447 3290
1912 3190
1377 1811
1657 2950
750 1642
444 1330
2147 2583
341 1663
2534 3376
1875 2742
1088 1980
711 1100
2471 3305
973 1858
412 848
1309 2223
1979 2837
1646 2936
1015 1412
1958 3238
1568 2864
1299 2216
1496 2395
655 1059
2214 3069
1849 3136
2037 2464
2039 2886
2122 2544
258 1571
1797 2226
1425 2342
598 1484
1056 1453
2053 2473
560 1862
1864 2738
1042 1927
1368 1794
2275 3543
2161 2598
1784 3068
1370 2677
400 1721
2147 2579
900 1290
894 2196
1488 2393
19 1336
48 480
183 593
1336 2260
962 1348
2105 2955
570 1873
857 1746
2076 3343
914 2217
1737 2631
1942 3222
1087 1979
189 598
1263 2575
668 1071
258 672
800 1696
185 596
1934 2379
878 2170
231 636
2189 3459
1302 2612
639 1047
558 1429
382 1699
2259 2686
867 2161
1644 2934
208 617
1601 2897
890 1782
332 752
720 1615
1852 3137
1618 2519
227 1519
1783 3068
598 1485
1338 2650
861 1751
2202 2639
762 2054
443 1756
1514 2405
2004 2442
987 1870
604 1488
1249 2158
865 1756
1480 1929
108 1403
1522 1966
90 1386
2694 3542
607 1490
769 1168
1071 1961
692 1980
1939 2791
734 1123
361 787
1420 2338
1059 1947
1574 2872
856 1242
383 810
403 829
1405 2322
2188 3459
1308 2623
2369 3198
770 2068
1964 3242
1049 2357
1043 1927
2182 3042
1373 1806
1082 1977
884 1266
781 1676
2135 2985
1698 2599
508 1372
880 2173
2129 3394
212 619
1656 2950
2186 3047
2471 3305
602 1896
2176 3033
358 1676
2136 2986
537 1404
2063 2489
172 581
2351 3189
330 750
966 2283
1239 1655
739 1128
1137 2441
1861 2736
1056 1454
1023 2338
935 1330
1567 2455
966 2283
1669 2105
200 608
1896 3177
203 608
1899 2763
448 870
1016 1414
919 2222
1248 1663
1740 3030
2584 3421
1511 2401
2001 2439
2278 3124
1608 2061
1473 2783
697 1985
336 1646
961 1848
1582 2485
769 1168
647 1536
2166 2610
652 1546
1540 2850
736 1125
538 1404
1327 1748
2438 3271
733 2017
1861 2735
761 2051
1121 1527
1050 1940
2707 3550
676 1974
98 524
566 1448
736 1125
1308 2622
2062 3322
2306 3567
1373 1806
641 1048
2665 3494
2279 3124
1498 1949
1944 2386
1381 2298
2628 3461
835 1222
2155 3013
1190 1607
775 1178
908 2216
761 2053
2211 2646
533 1839
2090 2942
1011 1891
490 1798
1253 1666
2004 3287
1687 2124
891 1782
249 1553
685 1084
923 1804
501 1367
508 928
836 1222
1770 2193
1384 2306
1767 3053
2628 3461
738 1126
1844 2726
766 1167
898 1285
2156 3429
2086 3357
2270 2693
2295 3137
1655 2091
2053 2893
1456 2761
897 2197
1234 1647
1576 2877
1353 2658
2090 2942
22 453
1239 2554
2707 3550
1015 1895
2083 2507
2059 2478
739 1126
159 572
1139 1553
1121 2017
508 1816
786 1676
2405 3243
1334 1758
685 1583
1280 2197
1399 1827
1891 2336
2161 2598
327 1633
247 654
884 1261
2212 2647
1940 2382
249 660
500 922
1881 2751
2135 2985
811 2092
1934 2379
1159 1571
988 1383
883 2174
1188 2507
1674 2112
1799 2678
640 1526
617 1919
2472 3306
1104 2403
1274 2196
1245 2560
2205 3064
2110 2535
1049 2357
857 1745
2365 3198
428 1751
921 1802
1175 2485
1190 2083
994 1876
1204 2520
1015 1894
70 504
2085 2934
1998 2858
991 1384
2392 3233
372 797
163 577
5 442
385 812
1481 2787
1887 3167
1473 2383
2083 2932
900 1290
1512 1956
1951 2811
914 1796
527 1830
28 1341
280 693
1256 2569
737 1627
1529 1970
973 1858
1008 1886
978 1865
2612 3442
121 1415
166 578
1309 1729
1709 2999
560 974
1469 2781
1611 2067
1752 2644
919 1798
1687 2979
1456 1897
317 737
2365 3198
950 1830
411 845
816 2096
2295 2721
1127 1534
2684 3523
2106 3377
1714 3003
1785 3068
618 1921
275 1587
1175 1584
2186 3049
361 787
1570 2868
899 2202
1366 1793
1059 1949
310 1615
1232 2134
1709 2142
1808 2236
602 1897
1823 2258
2130 3394
1240 1660
244 1547
2135 3402
1740 2174
1560 2863
812 1708
1572 2468
1821 3103
762 2056
1045 1445
1353 2658
2156 2594
1190 1607
1308 2623
970 1856
1611 2069
2492 3337
1130 1541
1660 2555
1104 1513
1598 2053
1878 2327
2717 3557
1544 2440
245 1548
1877 3157
1832 2709
669 1971
2542 3382
968 2284
191 1486
2525 3373
2460 3297
293 704
1070 1961
1985 3261
1599 2503
659 1961
1123 1528
2091 2520
1103 2002
2662 3488
1840 3125
1601 2054
2726 3567
530 1836
492 1798
1576 2032
485 1792
1258 1676
1037 2350
939 1333
1789 2218
1003 2316
1126 2031
54 1360
474 899
208 1504
1951 2811
2245 3097
623 1042
1843 3129
2309 2730
1800 3086
212 620
634 1933
581 999
1023 1902
507 1371
1083 1489
1494 2395
1111 2406
2202 3063
2681 3518
830 1216
2103 3376
134 1429
2061 2487
97 523
970 1857
1515 2820
762 2056
2152 3012
2097 2524
1526 2828
2374 3203
2649 3483
2692 3535
1293 1706
2476 3308
486 1792
1304 2615
2228 3488
109 533
1248 2155
1400 1834
228 635
706 1605
258 672
1676 2113
2180 2618
253 667
694 1088
749 2042
1132 2037
183 1480
1681 2975
348 775
1829 2269
2024 3297
1114 2011
1964 2824
1119 2015
774 2069
582 1470
1521 1965
703 1602
1005 2318
495 1362
158 571
2076 2494
2059 2902
870 1757
2246 3508
983 1376
2326 3157
1004 1399
2216 2649
466 1344
937 1332
905 1293
2237 2665
1970 2408
2293 3137
1821 2251
1209 2522
1028 1912
880 1257
794 1689
1675 2968
2128 2554
1734 3020
460 1343
1845 2286
1646 2936
2277 3547
1496 1948
2667 3496
1322 2634
1446 2755
1214 2107
1958 2820
358 1676
2163 3437
682 1582
1943 2385
281 1599
2576 3409
512 1822
930 1321
1421 2736
862 1249
158 569
816 1206
581 1879
2649 3481
2080 3345
1437 1879
1128 1538
1468 2781
931 2235
884 1781
605 1022
840 2133
1861 2312
1464 1916
533 958
1354 2659
762 1160
1690 2590
1205 2094
1566 2864
1463 2777
1058 1946
2193 3053
2211 3474
1740 2633
1590 2889
2691 3532
2613 3445
1191 1607
2465 3301
253 1558
1786 2213
2044 3305
1624 2522
948 1338
1031 1426
1941 3222
738 1627
2206 3064
1463 2775
1897 2342
501 1367
2446 3290
582 1470
1340 2270
1104 2005
2245 3099
1489 2795
413 1737
841 2135
1490 2394
743 2035
844 2143
1832 2274
1821 3105
2382 3221
1812 3094
540 1409
1178 1588
881 2174
819 1719
1377 2296
1513 2817
828 1212
4 1326
354 1672
1611 2072
203 609
2228 3086
2191 3052
1334 2648
828 2107
997 2308
1196 1611
1399 1827
2358 3194
711 1101
1749 2182
1302 2612
1531 2419
2629 3461
2284 3550
860 2155
2019 2457
1600 2505
2244 2669
857 1745
254 667
1170 2482
2080 3350
2684 3521
655 1551
1187 2507
256 1564
1570 2021
2454 3292
1736 2165
1319 2226
1730 2159
1474 2385
2044 2888
588 1885
533 957
131 1426
2061 2907
2713 3553
519 1382
2074 3338
557 1858
513 1823
195 606
572 1457
1898 2763
2047 2889
513 1823
915 2220
565 1446
54 488
1839 2719
1713 2145
1239 2551
336 1646
1448 2757
915 1303
2312 3145
1295 2214
1601 2056
2396 3235
711 1612
2145 3000
1376 1809
1206 2095
630 1043
1303 1716
1173 1582
498 921
1096 1989
1136 1544
632 1932
843 2140
1473 2384
1507 2812
1097 1989
608 1904
1155 2456
1965 2827
2193 3053
1290 2605
711 1611
1238 2547
415 853
2341 3177
2058 3308
1266 2575
1161 1572
1528 1969
2329 3162
927 2229
781 2076
1927 2784
837 2127
2142 2995
1327 1746
1593 2498
1261 1678
