-1097.0254649740928 -320.43729839283867
-1155.3492562050492 -473.242357223785
-824.2449374162968 384.83773119360126
-720.6232426948756 289.6981126144472
-696.571533384072 -66.60898800686527
-673.4586359843174 -276.73396075340287
-967.5524984377425 -274.7448493188176
-1034.601019483011 -190.64786775445708
-1050.240586394487 -204.91527435151733
-1056.6872509902169 -237.151577723836
-142.55047241448915 -587.7879866734829
-168.2177141408437 -869.4898344014562
-181.88722131319543 -900.621287830108
-176.00165964598165 -896.3428843149287
-30.438164118628322 294.55562093349647
439.6105029654847 751.4077883522341
320.1559496113304 680.7339216216657
329.8470144152685 727.9860931295271
61.17295033191675 606.1265614392843
1137.2122854272552 302.81851992337374
1197.9272356297738 330.11423752963697
1198.0133627615558 330.07446125300646
1198.3939910732613 329.52460611223927
377.47797655562795 -309.04690457120097
411.80297441443616 -199.94714494816532
543.3615222935737 -741.0431017757542
222.95744335830352 -1006.2286327063009
798.9514281228741 -1105.342649797709
870.1737779206885 -1190.099196304291
866.7972887703312 -1194.4311035003907
1052.3545296327088 -914.9420891645859
596.6999314906707 -1168.042198180126
617.8770313269978 -1199.8499259842445
521.1879650374531 -1178.9530988377685
331.8502261626227 -1120.582218263454
332.5750170466831 -798.5002209414797
-135.03771766335785 -925.6582868264904
408.4502128504215 -354.03890795841687
-406.830656779111 13.890668368488377
-132.99890077707863 -721.8024498399708
-983.3726592359494 -249.61931385524844
-1078.7530331127634 -302.68353532217674
-506.7380368913563 -498.97694223635614
-796.3545582801617 -26.69972196795021
-918.3624852510245 -52.64219948066887
-892.5873100492016 102.56476005292146
-761.7905825035249 93.7760272463817
-739.1466536446086 99.78066045494897
-982.2826991361434 -318.4086011500243
-1028.9864814643463 -372.8266500171896
